===== RECEIVED DATA FOR SYMBOL: EURUSD =====
         open      high       low     close    volume  day_of_week      hour    minute       day  timeframe
0    0.028882  0.015216  0.038655  0.028418  0.000157     0.666667  0.000000  0.000000  0.064516       1.00
1    0.260360  0.273531  0.005522  0.033361  0.614442     0.333333  0.000000  0.000000  1.000000       1.00
2    0.300126  0.393489  0.144076  0.254530  0.592716     0.166667  0.000000  0.000000  0.967742       1.00
3    0.286312  0.342887  0.311245  0.322488  0.507057     0.833333  0.000000  0.000000  0.870968       1.00
4    0.223524  0.292994  0.237450  0.322488  0.399707     0.666667  0.000000  0.000000  0.838710       1.00
5    0.252825  0.222930  0.203313  0.197282  0.394018     0.333333  0.000000  0.000000  0.774194       1.00
6    0.360402  0.347841  0.206325  0.253707  0.560749     0.166667  0.000000  0.000000  0.741935       1.00
7    0.085391  0.354919  0.000000  0.338550  0.852223     0.833333  0.000000  0.000000  0.645161       1.00
8    0.028464  0.266100  0.004518  0.075371  1.000000     0.666667  0.000000  0.000000  0.612903       1.00
9    0.611553  0.585987  0.003012  0.020181  0.813370     0.500000  0.000000  0.000000  0.580645       1.00
10   0.694433  0.662067  0.683735  0.605025  0.660982     0.333333  0.000000  0.000000  0.548387       1.00
11   0.587694  0.628450  0.660141  0.686985  0.648684     0.166667  0.000000  0.000000  0.516129       1.00
12   0.509837  0.626681  0.552209  0.652801  0.688591     0.833333  0.000000  0.000000  0.419355       1.00
13   0.621599  0.650035  0.605924  0.501236  0.841899     0.666667  0.000000  0.000000  0.387097       1.00
14   0.763918  0.679759  0.688253  0.622323  0.780338     0.500000  0.000000  0.000000  0.354839       1.00
15   0.872750  0.782378  0.780120  0.752059  0.649665     0.333333  0.000000  0.000000  0.322581       1.00
16   0.882796  0.874381  0.949297  0.860791  0.657036     0.166667  0.000000  0.000000  0.290323       1.00
17   1.000000  1.000000  1.000000  0.919275  0.739766     0.833333  0.000000  0.000000  0.193548       1.00
18   0.682294  0.857749  0.807229  1.000000  0.702898     0.666667  0.000000  0.000000  0.161290       1.00
19   0.681457  0.697098  0.648594  0.681219  0.844949     0.500000  0.000000  0.000000  0.129032       1.00
20   0.028882  0.015216  0.038655  0.028418  0.000157     0.666667  0.000000  0.000000  0.064516       0.75
21   0.016743  0.061925  0.012048  0.033361  0.081084     0.333333  0.869565  0.000000  1.000000       0.75
22   0.203014  0.166667  0.005522  0.019357  0.203346     0.333333  0.695652  0.000000  1.000000       0.75
23   0.309753  0.257962  0.203313  0.199341  0.128386     0.333333  0.521739  0.000000  1.000000       0.75
24   0.248221  0.273531  0.284137  0.304778  0.098393     0.333333  0.347826  0.000000  1.000000       0.75
25   0.282126  0.239561  0.297691  0.244234  0.048585     0.333333  0.173913  0.000000  1.000000       0.75
26   0.260360  0.234253  0.255522  0.277595  0.054589     0.333333  0.000000  0.000000  1.000000       0.75
27   0.207618  0.212668  0.254518  0.254530  0.078397     0.166667  0.869565  0.000000  0.967742       0.75
28   0.182503  0.218330  0.144076  0.204283  0.199315     0.166667  0.695652  0.000000  0.967742       0.75
29   0.373797  0.393489  0.211847  0.178336  0.139982     0.166667  0.521739  0.000000  0.967742       0.75
30   0.337798  0.326256  0.332831  0.367792  0.096819     0.166667  0.347826  0.000000  0.967742       0.75
31   0.338217  0.284501  0.390562  0.332372  0.034666     0.166667  0.173913  0.000000  0.967742       0.75
32   0.300126  0.307502  0.367470  0.332784  0.043477     0.166667  0.000000  0.000000  0.967742       0.75
33   0.321892  0.294409  0.390562  0.322488  0.075674     0.833333  0.869565  0.000000  0.870968       0.75
34   0.393051  0.327672  0.358936  0.316722  0.149072     0.833333  0.695652  0.000000  0.870968       0.75
35   0.303056  0.342887  0.344378  0.386738  0.093321     0.833333  0.521739  0.000000  0.870968       0.75
36   0.270825  0.277778  0.311245  0.298188  0.082597     0.833333  0.347826  0.000000  0.870968       0.75
37   0.287149  0.237084  0.319779  0.266474  0.048198     0.833333  0.173913  0.000000  0.870968       0.75
38   0.286312  0.272824  0.330321  0.282537  0.058135     0.833333  0.000000  0.000000  0.870968       0.75
39   0.281289  0.292994  0.344880  0.322488  0.074524     0.666667  0.869565  0.000000  0.838710       0.75
40   0.243198  0.267516  0.260542  0.278418  0.114902     0.666667  0.695652  0.000000  0.838710       0.75
41   0.228548  0.207714  0.249498  0.239292  0.060834     0.666667  0.521739  0.000000  0.838710       0.75
42   0.223106  0.188606  0.237450  0.224876  0.055121     0.666667  0.347826  0.000000  0.838710       0.75
43   0.220594  0.202052  0.269076  0.219522  0.041177     0.666667  0.173913  0.000000  0.838710       0.75
44   0.223524  0.203822  0.250502  0.217051  0.053088     0.666667  0.000000  0.000000  0.838710       0.75
45   0.184177  0.201699  0.219880  0.197282  0.052458     0.333333  0.869565  0.000000  0.774194       0.75
46   0.242361  0.222930  0.203313  0.181219  0.106272     0.333333  0.695652  0.000000  0.774194       0.75
47   0.198409  0.199575  0.230924  0.238468  0.082319     0.333333  0.521739  0.000000  0.774194       0.75
48   0.219339  0.206653  0.236446  0.195222  0.067431     0.333333  0.347826  0.000000  0.774194       0.75
49   0.243617  0.217976  0.228916  0.215815  0.046685     0.333333  0.173913  0.000000  0.774194       0.75
50   0.252825  0.216914  0.276606  0.239703  0.038793     0.333333  0.000000  0.000000  0.774194       0.75
51   0.221432  0.236730  0.272590  0.253707  0.069029     0.166667  0.869565  0.000000  0.741935       0.75
52   0.230222  0.250177  0.206325  0.218287  0.152025     0.166667  0.695652  0.000000  0.741935       0.75
53   0.264546  0.221868  0.213855  0.225288  0.123484     0.166667  0.521739  0.000000  0.741935       0.75
54   0.400586  0.335810  0.322289  0.260297  0.100063     0.166667  0.347826  0.000000  0.741935       0.75
55   0.383005  0.347841  0.466365  0.394152  0.050534     0.166667  0.173913  0.000000  0.741935       0.75
56   0.360402  0.345718  0.414157  0.376853  0.065555     0.166667  0.000000  0.000000  0.741935       0.75
57   0.351193  0.354919  0.396586  0.338550  0.106938     0.833333  0.869565  0.000000  0.645161       0.75
58   0.263290  0.345718  0.215863  0.345552  0.256772     0.833333  0.695652  0.000000  0.645161       0.75
59   0.159900  0.254423  0.183233  0.259061  0.161938     0.833333  0.521739  0.000000  0.645161       0.75
60   0.090833  0.181529  0.000000  0.157331  0.175277     0.833333  0.347826  0.000000  0.645161       0.75
61   0.079531  0.069002  0.068273  0.089374  0.076690     0.833333  0.173913  0.000000  0.645161       0.75
62   0.085391  0.077849  0.078815  0.078254  0.074548     0.833333  0.000000  0.000000  0.645161       0.75
63   0.070741  0.106511  0.061245  0.075371  0.118885     0.666667  0.869565  0.000000  0.612903       0.75
64   0.227710  0.212314  0.058233  0.070016  0.239234     0.666667  0.695652  0.000000  0.612903       0.75
65   0.284219  0.243100  0.214357  0.224876  0.208732     0.666667  0.521739  0.000000  0.612903       0.75
66   0.156551  0.266100  0.172189  0.279654  0.218306     0.666667  0.347826  0.000000  0.612903       0.75
67   0.139807  0.154636  0.147088  0.154036  0.101201     0.666667  0.173913  0.000000  0.612903       0.75
68   0.028464  0.116065  0.004518  0.137562  0.113583     0.666667  0.000000  0.000000  0.612903       0.75
69   0.547091  0.514154  0.003012  0.020181  0.297865     0.500000  0.869565  0.000000  0.580645       0.75
70   0.028882  0.015216  0.038655  0.028418  0.000157     0.666667  0.000000  0.000000  0.064516       0.50
71   0.058602  0.048832  0.048193  0.033361  0.011789     0.333333  1.000000  0.000000  1.000000       0.50
72   0.043114  0.056971  0.057731  0.057661  0.014416     0.333333  0.956522  0.000000  1.000000       0.50
73   0.035161  0.061925  0.042671  0.042010  0.022259     0.333333  0.913043  0.000000  1.000000       0.50
74   0.016743  0.034324  0.012048  0.034596  0.032584     0.333333  0.869565  0.000000  1.000000       0.50
75   0.024278  0.027955  0.005522  0.019357  0.039677     0.333333  0.826087  0.000000  1.000000       0.50
76   0.042696  0.050248  0.019076  0.023888  0.047411     0.333333  0.782609  0.000000  1.000000       0.50
77   0.131017  0.148974  0.048193  0.042010  0.066935     0.333333  0.739130  0.000000  1.000000       0.50
78   0.203014  0.166667  0.159137  0.128913  0.049287     0.333333  0.695652  0.000000  1.000000       0.50
79   0.202177  0.177282  0.203313  0.199341  0.038369     0.333333  0.652174  0.000000  1.000000       0.50
80   0.275429  0.238146  0.241968  0.198517  0.030768     0.333333  0.608696  0.000000  1.000000       0.50
81   0.285894  0.255485  0.311747  0.271005  0.023942     0.333333  0.565217  0.000000  1.000000       0.50
82   0.309753  0.257962  0.311747  0.281301  0.035271     0.333333  0.521739  0.000000  1.000000       0.50
83   0.308916  0.273531  0.344378  0.304778  0.031785     0.333333  0.478261  0.000000  1.000000       0.50
84   0.281708  0.257962  0.314759  0.303542  0.030441     0.333333  0.434783  0.000000  1.000000       0.50
85   0.247802  0.233192  0.297691  0.277183  0.022743     0.333333  0.391304  0.000000  1.000000       0.50
86   0.248221  0.208068  0.284137  0.243822  0.013387     0.333333  0.347826  0.000000  1.000000       0.50
87   0.249895  0.214084  0.297691  0.244234  0.009913     0.333333  0.304348  0.000000  1.000000       0.50
88   0.267895  0.219391  0.304719  0.245881  0.009586     0.333333  0.260870  0.000000  1.000000       0.50
89   0.284638  0.233900  0.322289  0.263591  0.012939     0.333333  0.217391  0.000000  1.000000       0.50
90   0.282126  0.239561  0.325301  0.280066  0.016110     0.333333  0.173913  0.000000  1.000000       0.50
91   0.246965  0.234253  0.297189  0.277595  0.020758     0.333333  0.130435  0.000000  1.000000       0.50
92   0.255756  0.208068  0.271084  0.242998  0.012043     0.333333  0.086957  0.000000  1.000000       0.50
93   0.249058  0.208422  0.280622  0.251647  0.008945     0.333333  0.043478  0.000000  1.000000       0.50
94   0.260360  0.210899  0.255522  0.245058  0.012806     0.333333  0.000000  0.000000  1.000000       0.50
95   0.226873  0.210899  0.277610  0.254530  0.010288     0.166667  1.000000  0.000000  0.967742       0.50
96   0.218083  0.205237  0.262048  0.223229  0.021896     0.166667  0.956522  0.000000  0.967742       0.50
97   0.250733  0.205945  0.266064  0.214168  0.021618     0.166667  0.913043  0.000000  0.967742       0.50
98   0.207618  0.212668  0.254518  0.246705  0.024559     0.166667  0.869565  0.000000  0.967742       0.50
99   0.172876  0.170913  0.208333  0.204283  0.031773     0.166667  0.826087  0.000000  0.967742       0.50
100  0.150272  0.156051  0.159137  0.170099  0.045293     0.166667  0.782609  0.000000  0.967742       0.50
101  0.254500  0.207360  0.144076  0.147446  0.059939     0.166667  0.739130  0.000000  0.967742       0.50
102  0.182503  0.218330  0.185241  0.249588  0.062275     0.166667  0.695652  0.000000  0.967742       0.50
103  0.439096  0.371196  0.211847  0.178336  0.051853     0.166667  0.652174  0.000000  0.967742       0.50
104  0.432817  0.393489  0.481928  0.432043  0.031519     0.166667  0.608696  0.000000  0.967742       0.50
105  0.391377  0.371550  0.470382  0.425865  0.025890     0.166667  0.565217  0.000000  0.967742       0.50
106  0.373797  0.343241  0.449297  0.385091  0.030683     0.166667  0.521739  0.000000  0.967742       0.50
107  0.285894  0.326256  0.340361  0.367792  0.029945     0.166667  0.478261  0.000000  0.967742       0.50
108  0.344077  0.292640  0.332831  0.281301  0.030405     0.166667  0.434783  0.000000  0.967742       0.50
109  0.352449  0.291224  0.391064  0.338550  0.023554     0.166667  0.391304  0.000000  0.967742       0.50
110  0.337798  0.298655  0.412149  0.346787  0.012879     0.166667  0.347826  0.000000  0.967742       0.50
111  0.338217  0.282024  0.400602  0.332372  0.008678     0.166667  0.304348  0.000000  0.967742       0.50
112  0.335287  0.279547  0.407631  0.332784  0.007565     0.166667  0.260870  0.000000  0.967742       0.50
113  0.339473  0.278132  0.390562  0.329901  0.009054     0.166667  0.217391  0.000000  0.967742       0.50
114  0.338217  0.284501  0.406124  0.334020  0.009332     0.166667  0.173913  0.000000  0.967742       0.50
115  0.347007  0.296178  0.411145  0.332784  0.011596     0.166667  0.130435  0.000000  0.967742       0.50
116  0.355379  0.297594  0.414659  0.341433  0.011136     0.166667  0.086957  0.000000  0.967742       0.50
117  0.360402  0.307502  0.420683  0.349671  0.010567     0.166667  0.043478  0.000000  0.967742       0.50
118  0.300126  0.299363  0.367470  0.354613  0.010143     0.166667  0.000000  0.000000  0.967742       0.50
119  0.340310  0.280255  0.395080  0.322488  0.008594     0.833333  1.000000  0.000000  0.870968       0.50
120  0.350774  0.287332  0.400100  0.334843  0.022053     0.833333  0.956522  0.000000  0.870968       0.50
121  0.342403  0.294409  0.405120  0.344728  0.021993     0.833333  0.913043  0.000000  0.870968       0.50
122  0.321892  0.289101  0.390562  0.337315  0.022997     0.833333  0.869565  0.000000  0.870968       0.50
123  0.325241  0.267162  0.358936  0.316722  0.030804     0.833333  0.826087  0.000000  0.870968       0.50
124  0.323985  0.302548  0.390562  0.320016  0.032753     0.833333  0.782609  0.000000  0.870968       0.50
125  0.342821  0.314225  0.364960  0.319193  0.043986     0.833333  0.739130  0.000000  0.870968       0.50
126  0.393051  0.327672  0.409137  0.336491  0.041492     0.833333  0.695652  0.000000  0.870968       0.50
127  0.368355  0.323071  0.429719  0.386738  0.031773     0.833333  0.652174  0.000000  0.870968       0.50
128  0.393889  0.342887  0.427209  0.362438  0.021327     0.833333  0.608696  0.000000  0.870968       0.50
129  0.310172  0.331210  0.379518  0.387562  0.023143     0.833333  0.565217  0.000000  0.870968       0.50
130  0.303056  0.262562  0.344378  0.305189  0.017042     0.833333  0.521739  0.000000  0.870968       0.50
131  0.283801  0.250885  0.331325  0.298188  0.018955     0.833333  0.478261  0.000000  0.870968       0.50
132  0.323566  0.277778  0.338855  0.279242  0.025951     0.833333  0.434783  0.000000  0.870968       0.50
133  0.282964  0.274947  0.311245  0.318369  0.025745     0.833333  0.391304  0.000000  0.870968       0.50
134  0.270825  0.231069  0.323795  0.278418  0.011910     0.833333  0.347826  0.000000  0.870968       0.50
135  0.270406  0.227176  0.323293  0.266474  0.011922     0.833333  0.304348  0.000000  0.870968       0.50
136  0.285057  0.234253  0.325803  0.266063  0.009393     0.833333  0.260870  0.000000  0.870968       0.50
137  0.271662  0.232838  0.319779  0.280478  0.010010     0.833333  0.217391  0.000000  0.870968       0.50
138  0.287149  0.237084  0.325301  0.267298  0.016837     0.833333  0.173913  0.000000  0.870968       0.50
139  0.307660  0.251946  0.346386  0.282537  0.017890     0.833333  0.130435  0.000000  0.870968       0.50
140  0.323566  0.271762  0.374498  0.302718  0.016982     0.833333  0.086957  0.000000  0.870968       0.50
141  0.328589  0.272824  0.390562  0.318369  0.010022     0.833333  0.043478  0.000000  0.870968       0.50
142  0.286312  0.269285  0.330321  0.323311  0.013205     0.833333  0.000000  0.000000  0.870968       0.50
143  0.316032  0.268931  0.381024  0.322488  0.010058     0.666667  1.000000  0.000000  0.838710       0.50
144  0.305986  0.262916  0.364458  0.310956  0.016389     0.666667  0.956522  0.000000  0.838710       0.50
145  0.320218  0.270701  0.357932  0.301071  0.020577     0.666667  0.913043  0.000000  0.838710       0.50
146  0.281289  0.292994  0.344880  0.315074  0.027464     0.666667  0.869565  0.000000  0.838710       0.50
147  0.324404  0.267162  0.318273  0.278418  0.022792     0.666667  0.826087  0.000000  0.838710       0.50
148  0.269150  0.267516  0.327309  0.319193  0.024462     0.666667  0.782609  0.000000  0.838710       0.50
149  0.241942  0.239915  0.276104  0.264827  0.035997     0.666667  0.739130  0.000000  0.838710       0.50
150  0.243198  0.202760  0.260542  0.238056  0.031615     0.666667  0.695652  0.000000  0.838710       0.50
151  0.230222  0.207714  0.273594  0.239292  0.023167     0.666667  0.652174  0.000000  0.838710       0.50
152  0.237756  0.192144  0.249498  0.226524  0.016824     0.666667  0.608696  0.000000  0.838710       0.50
153  0.239012  0.194621  0.282129  0.233526  0.010119     0.666667  0.565217  0.000000  0.838710       0.50
154  0.228548  0.197806  0.277108  0.235173  0.010688     0.666667  0.521739  0.000000  0.838710       0.50
155  0.210548  0.187544  0.242470  0.224876  0.016110     0.666667  0.478261  0.000000  0.838710       0.50
156  0.221850  0.182236  0.247992  0.207166  0.015517     0.666667  0.434783  0.000000  0.838710       0.50
157  0.224780  0.187190  0.237450  0.218287  0.014549     0.666667  0.391304  0.000000  0.838710       0.50
158  0.223106  0.188606  0.269578  0.221582  0.008908     0.666667  0.347826  0.000000  0.838710       0.50
159  0.223524  0.196745  0.271586  0.219522  0.009550     0.666667  0.304348  0.000000  0.838710       0.50
160  0.235245  0.192498  0.274598  0.219934  0.010204     0.666667  0.260870  0.000000  0.838710       0.50
161  0.227292  0.202052  0.277610  0.231466  0.009429     0.666667  0.217391  0.000000  0.838710       0.50
162  0.220594  0.186837  0.269076  0.224053  0.011959     0.666667  0.173913  0.000000  0.838710       0.50
163  0.218083  0.187544  0.257530  0.217051  0.017260     0.666667  0.130435  0.000000  0.838710       0.50
164  0.228548  0.191083  0.250502  0.214580  0.013895     0.666667  0.086957  0.000000  0.838710       0.50
165  0.235245  0.198160  0.263554  0.224876  0.012661     0.666667  0.043478  0.000000  0.838710       0.50
166  0.223524  0.203822  0.275602  0.231466  0.009235     0.666667  0.000000  0.000000  0.838710       0.50
167  0.227710  0.201699  0.227410  0.197282  0.013593     0.333333  1.000000  0.000000  0.774194       0.50
168  0.202595  0.196745  0.239458  0.224053  0.017418     0.333333  0.956522  0.000000  0.774194       0.50
169  0.198828  0.178698  0.240462  0.199341  0.011801     0.333333  0.913043  0.000000  0.774194       0.50
170  0.028882  0.015216  0.038655  0.028418  0.000157     0.666667  0.000000  0.000000  0.064516       0.25
171  0.059021  0.044586  0.048193  0.033361  0.008327     0.333333  1.000000  0.508475  1.000000       0.25
172  0.058602  0.048832  0.073293  0.058072  0.003450     0.333333  1.000000  0.000000  1.000000       0.25
173  0.069904  0.050248  0.069779  0.057661  0.006996     0.333333  0.956522  0.508475  1.000000       0.25
174  0.043114  0.056971  0.057731  0.068781  0.007408     0.333333  0.956522  0.000000  1.000000       0.25
175  0.060695  0.042109  0.054719  0.042010  0.010385     0.333333  0.913043  0.508475  1.000000       0.25
176  0.035161  0.061925  0.042671  0.059720  0.011862     0.333333  0.913043  0.000000  1.000000       0.25
177  0.035161  0.034324  0.041667  0.034596  0.014210     0.333333  0.869565  0.508475  1.000000       0.25
178  0.016743  0.021231  0.012048  0.034596  0.018362     0.333333  0.869565  0.000000  1.000000       0.25
179  0.011720  0.023355  0.005522  0.019357  0.023010     0.333333  0.826087  0.508475  1.000000       0.25
180  0.024278  0.027955  0.021084  0.011532  0.016655     0.333333  0.826087  0.000000  1.000000       0.25
181  0.033487  0.038570  0.022088  0.023888  0.018592     0.333333  0.782609  0.508475  1.000000       0.25
182  0.042696  0.050248  0.019076  0.032949  0.028807     0.333333  0.782609  0.000000  1.000000       0.25
183  0.128506  0.103326  0.048193  0.042010  0.035828     0.333333  0.739130  0.508475  1.000000       0.25
184  0.131017  0.148974  0.136044  0.126442  0.031095     0.333333  0.739130  0.000000  1.000000       0.25
185  0.151946  0.136943  0.159137  0.128913  0.027791     0.333333  0.695652  0.508475  1.000000       0.25
186  0.203014  0.166667  0.175201  0.149506  0.021484     0.333333  0.695652  0.000000  1.000000       0.25
187  0.192968  0.177282  0.225402  0.199341  0.018604     0.333333  0.652174  0.508475  1.000000       0.25
188  0.202177  0.175513  0.203313  0.189868  0.019754     0.333333  0.652174  0.000000  1.000000       0.25
189  0.245291  0.207360  0.241968  0.198517  0.017115     0.333333  0.608696  0.508475  1.000000       0.25
190  0.275429  0.238146  0.301205  0.241351  0.013641     0.333333  0.608696  0.000000  1.000000       0.25
191  0.290080  0.238854  0.311747  0.271005  0.012273     0.333333  0.565217  0.508475  1.000000       0.25
192  0.285894  0.255485  0.349398  0.285420  0.011656     0.333333  0.565217  0.000000  1.000000       0.25
193  0.275848  0.257962  0.325803  0.281301  0.015747     0.333333  0.521739  0.508475  1.000000       0.25
194  0.309753  0.254069  0.311747  0.271417  0.019511     0.333333  0.521739  0.000000  1.000000       0.25
195  0.289661  0.273531  0.351908  0.304778  0.017551     0.333333  0.478261  0.508475  1.000000       0.25
196  0.308916  0.253008  0.344378  0.285008  0.014222     0.333333  0.478261  0.000000  1.000000       0.25
197  0.261616  0.257962  0.321285  0.303542  0.015820     0.333333  0.434783  0.508475  1.000000       0.25
198  0.281708  0.239207  0.314759  0.257414  0.014609     0.333333  0.434783  0.000000  1.000000       0.25
199  0.264546  0.233192  0.318775  0.277183  0.012358     0.333333  0.391304  0.508475  1.000000       0.25
200  0.247802  0.218330  0.297691  0.260297  0.010373     0.333333  0.391304  0.000000  1.000000       0.25
201  0.237756  0.208068  0.284137  0.243822  0.007674     0.333333  0.347826  0.508475  1.000000       0.25
202  0.248221  0.205591  0.292671  0.233937  0.005701     0.333333  0.347826  0.000000  1.000000       0.25
203  0.259523  0.214084  0.297691  0.244234  0.006318     0.333333  0.304348  0.508475  1.000000       0.25
204  0.249895  0.212314  0.306225  0.255354  0.003583     0.333333  0.304348  0.000000  1.000000       0.25
205  0.254081  0.214084  0.304719  0.245881  0.005362     0.333333  0.260870  0.508475  1.000000       0.25
206  0.267895  0.219391  0.311747  0.249588  0.004212     0.333333  0.260870  0.000000  1.000000       0.25
207  0.277522  0.225761  0.322289  0.263591  0.005471     0.333333  0.217391  0.508475  1.000000       0.25
208  0.284638  0.233900  0.332831  0.273064  0.007456     0.333333  0.217391  0.000000  1.000000       0.25
209  0.270825  0.233192  0.328313  0.280066  0.007020     0.333333  0.173913  0.508475  1.000000       0.25
210  0.282126  0.239561  0.325301  0.266474  0.009078     0.333333  0.173913  0.000000  1.000000       0.25
211  0.276266  0.234253  0.321285  0.277595  0.013375     0.333333  0.130435  0.508475  1.000000       0.25
212  0.246965  0.227884  0.297189  0.271829  0.007371     0.333333  0.130435  0.000000  1.000000       0.25
213  0.242779  0.200283  0.271084  0.242998  0.007057     0.333333  0.086957  0.508475  1.000000       0.25
214  0.255756  0.208068  0.296185  0.238468  0.004975     0.333333  0.086957  0.000000  1.000000       0.25
215  0.246128  0.208422  0.302711  0.251647  0.004031     0.333333  0.043478  0.508475  1.000000       0.25
216  0.249058  0.205237  0.280622  0.242175  0.004902     0.333333  0.043478  0.000000  1.000000       0.25
217  0.237338  0.203822  0.289157  0.245058  0.004515     0.333333  0.000000  0.508475  1.000000       0.25
218  0.260360  0.210899  0.255522  0.233526  0.008279     0.333333  0.000000  0.000000  1.000000       0.25
219  0.231478  0.210899  0.285141  0.254530  0.004805     0.166667  1.000000  0.508475  0.967742       0.25
220  0.226873  0.194621  0.277610  0.227759  0.005471     0.166667  1.000000  0.000000  0.967742       0.25
221  0.242361  0.201699  0.279116  0.223229  0.010555     0.166667  0.956522  0.508475  0.967742       0.25
222  0.218083  0.205237  0.262048  0.238468  0.011329     0.166667  0.956522  0.000000  0.967742       0.25
223  0.241105  0.201345  0.266064  0.214168  0.010555     0.166667  0.913043  0.508475  0.967742       0.25
224  0.250733  0.205945  0.276104  0.237232  0.011051     0.166667  0.913043  0.000000  0.967742       0.25
225  0.219757  0.212668  0.267068  0.246705  0.013084     0.166667  0.869565  0.508475  0.967742       0.25
226  0.207618  0.185775  0.254518  0.216227  0.011462     0.166667  0.869565  0.000000  0.967742       0.25
227  0.196316  0.170913  0.216867  0.204283  0.013568     0.166667  0.826087  0.508475  0.967742       0.25
228  0.172876  0.164190  0.208333  0.193163  0.018192     0.166667  0.826087  0.000000  0.967742       0.25
229  0.144412  0.156051  0.179217  0.170099  0.018350     0.166667  0.782609  0.508475  0.967742       0.25
230  0.150272  0.147205  0.159137  0.142092  0.026931     0.166667  0.782609  0.000000  0.967742       0.25
231  0.195479  0.171975  0.144076  0.147446  0.031555     0.166667  0.739130  0.508475  0.967742       0.25
232  0.254500  0.207360  0.220382  0.192751  0.028372     0.166667  0.739130  0.000000  0.967742       0.25
233  0.235245  0.218330  0.214357  0.249588  0.028759     0.166667  0.695652  0.508475  0.967742       0.25
234  0.182503  0.215499  0.185241  0.231466  0.033504     0.166667  0.695652  0.000000  0.967742       0.25
235  0.389703  0.321302  0.211847  0.178336  0.034448     0.166667  0.652174  0.508475  0.967742       0.25
236  0.439096  0.371196  0.467369  0.383443  0.017393     0.166667  0.652174  0.000000  0.967742       0.25
237  0.420260  0.370134  0.491466  0.432043  0.014743     0.166667  0.608696  0.508475  0.967742       0.25
238  0.432817  0.393489  0.481928  0.413509  0.016764     0.166667  0.608696  0.000000  0.967742       0.25
239  0.427375  0.371550  0.511044  0.425865  0.013036     0.166667  0.565217  0.508475  0.967742       0.25
240  0.391377  0.363057  0.470382  0.422570  0.012842     0.166667  0.565217  0.000000  0.967742       0.25
241  0.383005  0.343241  0.462349  0.385091  0.012322     0.166667  0.521739  0.508475  0.967742       0.25
242  0.373797  0.342887  0.449297  0.376853  0.018350     0.166667  0.521739  0.000000  0.967742       0.25
243  0.308079  0.326256  0.370984  0.367792  0.014670     0.166667  0.478261  0.508475  0.967742       0.25
244  0.285894  0.253008  0.340361  0.303130  0.015263     0.166667  0.478261  0.000000  0.967742       0.25
245  0.314357  0.267870  0.332831  0.281301  0.012043     0.166667  0.434783  0.508475  0.967742       0.25
246  0.344077  0.292640  0.377510  0.308896  0.018350     0.166667  0.434783  0.000000  0.967742       0.25
247  0.337798  0.289101  0.391064  0.338550  0.012540     0.166667  0.391304  0.508475  0.967742       0.25
248  0.352449  0.291224  0.409639  0.332372  0.011002     0.166667  0.391304  0.000000  0.967742       0.25
249  0.354123  0.298655  0.422691  0.346787  0.006004     0.166667  0.347826  0.508475  0.967742       0.25
250  0.337798  0.295824  0.412149  0.348435  0.006863     0.166667  0.347826  0.000000  0.967742       0.25
251  0.337798  0.282024  0.400602  0.332372  0.005205     0.166667  0.304348  0.508475  0.967742       0.25
252  0.338217  0.279547  0.410141  0.332372  0.003462     0.166667  0.304348  0.000000  0.967742       0.25
253  0.338217  0.279547  0.410643  0.332784  0.003776     0.166667  0.260870  0.508475  0.967742       0.25
254  0.335287  0.277424  0.407631  0.332784  0.003776     0.166667  0.260870  0.000000  0.967742       0.25
255  0.329845  0.277070  0.400602  0.329901  0.003776     0.166667  0.217391  0.508475  0.967742       0.25
256  0.339473  0.278132  0.390562  0.324547  0.005265     0.166667  0.217391  0.000000  0.967742       0.25
257  0.340728  0.284501  0.408635  0.334020  0.004757     0.166667  0.173913  0.508475  0.967742       0.25
258  0.338217  0.282024  0.406124  0.335255  0.004563     0.166667  0.173913  0.000000  0.967742       0.25
259  0.345751  0.296178  0.411145  0.332784  0.004926     0.166667  0.130435  0.508475  0.967742       0.25
260  0.347007  0.290163  0.413655  0.340198  0.006657     0.166667  0.130435  0.000000  0.967742       0.25
261  0.354123  0.297594  0.414659  0.341433  0.005701     0.166667  0.086957  0.508475  0.967742       0.25
262  0.355379  0.295471  0.415663  0.348435  0.005423     0.166667  0.086957  0.000000  0.967742       0.25
263  0.366262  0.300425  0.426707  0.349671  0.004478     0.166667  0.043478  0.508475  0.967742       0.25
264  0.360402  0.307502  0.420683  0.360379  0.006076     0.166667  0.043478  0.000000  0.967742       0.25
265  0.358728  0.297948  0.416667  0.354613  0.006415     0.166667  0.000000  0.508475  0.967742       0.25
266  0.300126  0.299363  0.367470  0.353377  0.003716     0.166667  0.000000  0.000000  0.967742       0.25
267  0.329427  0.277070  0.395080  0.322488  0.004624     0.833333  1.000000  0.508475  0.870968       0.25
268  0.340310  0.280255  0.402610  0.324135  0.003958     0.833333  1.000000  0.000000  0.870968       0.25
269  0.329008  0.283793  0.400100  0.334843  0.010216     0.833333  0.956522  0.508475  0.870968       0.25
270  0.350774  0.287332  0.401104  0.323723  0.011826     0.833333  0.956522  0.000000  0.870968       0.25
271  0.340728  0.294409  0.407631  0.344728  0.009853     0.833333  0.913043  0.508475  0.870968       0.25
272  0.342403  0.287686  0.405120  0.335255  0.012128     0.833333  0.913043  0.000000  0.870968       0.25
273  0.334868  0.289101  0.408635  0.337315  0.010446     0.833333  0.869565  0.508475  0.870968       0.25
274  0.321892  0.285209  0.390562  0.329489  0.012540     0.833333  0.869565  0.000000  0.870968       0.25
275  0.312683  0.263270  0.363956  0.316722  0.014876     0.833333  0.826087  0.508475  0.870968       0.25
276  0.325241  0.267162  0.358936  0.307661  0.015917     0.833333  0.826087  0.000000  0.870968       0.25
277  0.357472  0.302548  0.396084  0.320016  0.014319     0.833333  0.782609  0.508475  0.870968       0.25
278  0.323985  0.294055  0.390562  0.351730  0.018422     0.833333  0.782609  0.000000  0.870968       0.25
279  0.329008  0.314225  0.375000  0.319193  0.025430     0.833333  0.739130  0.508475  0.870968       0.25
280  0.342821  0.283439  0.364960  0.324135  0.018543     0.833333  0.739130  0.000000  0.870968       0.25
281  0.365843  0.320594  0.409137  0.336491  0.021727     0.833333  0.695652  0.508475  0.870968       0.25
282  0.393051  0.327672  0.433233  0.359967  0.019754     0.833333  0.695652  0.000000  0.870968       0.25
283  0.360402  0.323071  0.439759  0.386738  0.015650     0.833333  0.652174  0.508475  0.870968       0.25
284  0.368355  0.321656  0.429719  0.354613  0.016110     0.833333  0.652174  0.000000  0.870968       0.25
285  0.376308  0.309625  0.427209  0.362438  0.010361     0.833333  0.608696  0.508475  0.870968       0.25
286  0.393889  0.342887  0.457329  0.370264  0.010954     0.833333  0.608696  0.000000  0.870968       0.25
287  0.353286  0.331210  0.427209  0.387562  0.010191     0.833333  0.565217  0.508475  0.870968       0.25
288  0.310172  0.300071  0.379518  0.347611  0.012939     0.833333  0.565217  0.000000  0.870968       0.25
289  0.305986  0.262562  0.344378  0.305189  0.008763     0.833333  0.521739  0.508475  0.870968       0.25
290  0.303056  0.257254  0.353414  0.301071  0.008267     0.833333  0.521739  0.000000  0.870968       0.25
291  0.293428  0.250885  0.339357  0.298188  0.009804     0.833333  0.478261  0.508475  0.870968       0.25
292  0.283801  0.243454  0.331325  0.288715  0.009138     0.833333  0.478261  0.000000  0.870968       0.25
293  0.289242  0.248762  0.338855  0.279242  0.010664     0.833333  0.434783  0.508475  0.870968       0.25
294  0.323566  0.277778  0.352912  0.284596  0.015275     0.833333  0.434783  0.000000  0.870968       0.25
295  0.271662  0.274947  0.311245  0.318369  0.015796     0.833333  0.391304  0.508475  0.870968       0.25
296  0.282964  0.230007  0.326305  0.267298  0.009937     0.833333  0.391304  0.000000  0.870968       0.25
297  0.277941  0.231069  0.331325  0.278418  0.005459     0.833333  0.347826  0.508475  0.870968       0.25
298  0.270825  0.229299  0.323795  0.273476  0.006439     0.833333  0.347826  0.000000  0.870968       0.25
299  0.279196  0.226822  0.328815  0.266474  0.006500     0.833333  0.304348  0.508475  0.870968       0.25
300  0.270406  0.227176  0.323293  0.274712  0.005410     0.833333  0.304348  0.000000  0.870968       0.25
301  0.275010  0.225407  0.325803  0.266063  0.004442     0.833333  0.260870  0.508475  0.870968       0.25
302  0.285057  0.234253  0.336847  0.270593  0.004938     0.833333  0.260870  0.000000  0.870968       0.25
303  0.268313  0.232838  0.329317  0.280478  0.003861     0.833333  0.217391  0.508475  0.870968       0.25
304  0.271662  0.220453  0.319779  0.264003  0.006137     0.833333  0.217391  0.000000  0.870968       0.25
305  0.272499  0.225407  0.325301  0.267298  0.008194     0.833333  0.173913  0.508475  0.870968       0.25
306  0.287149  0.237084  0.333835  0.267710  0.008630     0.833333  0.173913  0.000000  0.870968       0.25
307  0.301800  0.251946  0.346386  0.282537  0.008110     0.833333  0.130435  0.508475  0.870968       0.25
308  0.307660  0.251592  0.356426  0.296952  0.009768     0.833333  0.130435  0.000000  0.870968       0.25
309  0.320218  0.267162  0.374498  0.302718  0.009211     0.833333  0.086957  0.508475  0.870968       0.25
310  0.323566  0.271762  0.390060  0.315074  0.007759     0.833333  0.086957  0.000000  0.870968       0.25
311  0.327752  0.271408  0.390562  0.318369  0.005398     0.833333  0.043478  0.508475  0.870968       0.25
312  0.328589  0.272824  0.392570  0.322488  0.004612     0.833333  0.043478  0.000000  0.870968       0.25
313  0.313520  0.269285  0.382530  0.323311  0.005834     0.833333  0.000000  0.508475  0.870968       0.25
314  0.286312  0.267870  0.330321  0.308072  0.007359     0.833333  0.000000  0.000000  0.870968       0.25
315  0.320218  0.268931  0.389056  0.322488  0.004672     0.666667  1.000000  0.508475  0.838710       0.25
316  0.316032  0.263977  0.381024  0.315074  0.005374     0.666667  1.000000  0.000000  0.838710       0.25
317  0.312683  0.262916  0.376506  0.310956  0.007916     0.666667  0.956522  0.508475  0.838710       0.25
318  0.305986  0.261854  0.364458  0.307661  0.008461     0.666667  0.956522  0.000000  0.838710       0.25
319  0.303893  0.270701  0.364960  0.301071  0.012080     0.666667  0.913043  0.508475  0.838710       0.25
320  0.320218  0.261500  0.357932  0.299012  0.008485     0.666667  0.913043  0.000000  0.838710       0.25
321  0.344914  0.292994  0.387550  0.315074  0.012273     0.666667  0.869565  0.508475  0.838710       0.25
322  0.281289  0.285209  0.344880  0.339374  0.015178     0.666667  0.869565  0.000000  0.838710       0.25
323  0.282964  0.238146  0.318273  0.278418  0.012830     0.666667  0.826087  0.508475  0.838710       0.25
324  0.324404  0.267162  0.339859  0.278418  0.009949     0.666667  0.826087  0.000000  0.838710       0.25
325  0.308497  0.267516  0.361948  0.319193  0.009865     0.666667  0.782609  0.508475  0.838710       0.25
326  0.269150  0.253008  0.327309  0.303542  0.014585     0.666667  0.782609  0.000000  0.838710       0.25
327  0.274173  0.239915  0.328313  0.264827  0.017514     0.666667  0.739130  0.508475  0.838710       0.25
328  0.241942  0.228592  0.276104  0.269357  0.018471     0.666667  0.739130  0.000000  0.838710       0.25
329  0.226036  0.202760  0.260542  0.238056  0.017296     0.666667  0.695652  0.508475  0.838710       0.25
330  0.243198  0.200637  0.271084  0.222405  0.014307     0.666667  0.695652  0.000000  0.838710       0.25
331  0.223943  0.201699  0.273594  0.239292  0.014113     0.666667  0.652174  0.508475  0.838710       0.25
332  0.230222  0.207714  0.273594  0.218287  0.009042     0.666667  0.652174  0.000000  0.838710       0.25
333  0.210130  0.187190  0.251506  0.226524  0.008206     0.666667  0.608696  0.508475  0.838710       0.25
334  0.237756  0.192144  0.249498  0.206755  0.008606     0.666667  0.608696  0.000000  0.838710       0.25
335  0.233989  0.192852  0.286647  0.233526  0.003946     0.666667  0.565217  0.508475  0.838710       0.25
336  0.239012  0.194621  0.282129  0.230231  0.006161     0.666667  0.565217  0.000000  0.838710       0.25
337  0.238175  0.197806  0.285141  0.235173  0.005302     0.666667  0.521739  0.508475  0.838710       0.25
338  0.228548  0.193560  0.277108  0.234349  0.005374     0.666667  0.521739  0.000000  0.838710       0.25
339  0.221013  0.187544  0.264056  0.224876  0.007069     0.666667  0.478261  0.508475  0.838710       0.25
340  0.210548  0.179406  0.242470  0.217051  0.009030     0.666667  0.478261  0.000000  0.838710       0.25
341  0.210548  0.172328  0.247992  0.207166  0.006863     0.666667  0.434783  0.508475  0.838710       0.25
342  0.221850  0.182236  0.251004  0.206755  0.008642     0.666667  0.434783  0.000000  0.838710       0.25
343  0.202595  0.187190  0.243976  0.218287  0.007226     0.666667  0.391304  0.508475  0.838710       0.25
344  0.224780  0.185421  0.237450  0.199341  0.007311     0.666667  0.391304  0.000000  0.838710       0.25
345  0.231478  0.188606  0.275100  0.221582  0.003825     0.666667  0.347826  0.508475  0.838710       0.25
346  0.223106  0.187898  0.269578  0.227759  0.005072     0.666667  0.347826  0.000000  0.838710       0.25
347  0.234408  0.196745  0.271586  0.219522  0.004829     0.666667  0.304348  0.508475  0.838710       0.25
348  0.223524  0.191083  0.275100  0.230643  0.004708     0.666667  0.304348  0.000000  0.838710       0.25
349  0.229385  0.192498  0.275100  0.219934  0.004926     0.666667  0.260870  0.508475  0.838710       0.25
350  0.235245  0.190021  0.274598  0.225700  0.005265     0.666667  0.260870  0.000000  0.838710       0.25
351  0.241942  0.198868  0.289157  0.231466  0.005023     0.666667  0.217391  0.508475  0.838710       0.25
352  0.227292  0.202052  0.277610  0.238056  0.004394     0.666667  0.217391  0.000000  0.838710       0.25
353  0.224780  0.186483  0.270080  0.224053  0.005531     0.666667  0.173913  0.508475  0.838710       0.25
354  0.220594  0.186837  0.269076  0.221170  0.006415     0.666667  0.173913  0.000000  0.838710       0.25
355  0.219339  0.187544  0.269578  0.217051  0.007928     0.666667  0.130435  0.508475  0.838710       0.25
356  0.218083  0.184360  0.257530  0.215815  0.009320     0.666667  0.130435  0.000000  0.838710       0.25
357  0.208455  0.187544  0.250502  0.214580  0.007577     0.666667  0.086957  0.508475  0.838710       0.25
358  0.228548  0.191083  0.254518  0.205107  0.006306     0.666667  0.086957  0.000000  0.838710       0.25
359  0.233571  0.190021  0.273092  0.224876  0.005059     0.666667  0.043478  0.508475  0.838710       0.25
360  0.235245  0.198160  0.263554  0.229819  0.007589     0.666667  0.043478  0.000000  0.838710       0.25
361  0.244454  0.198868  0.276104  0.231466  0.006960     0.666667  0.000000  0.508475  0.838710       0.25
362  0.223524  0.203822  0.275602  0.240939  0.002263     0.666667  0.000000  0.000000  0.838710       0.25
363  0.195061  0.179406  0.228916  0.197282  0.002735     0.333333  1.000000  0.508475  0.774194       0.25
364  0.227710  0.201699  0.227410  0.193163  0.010845     0.333333  1.000000  0.000000  0.774194       0.25
365  0.206362  0.196745  0.243976  0.224053  0.011063     0.333333  0.956522  0.508475  0.774194       0.25
366  0.202595  0.170913  0.239458  0.203048  0.006342     0.333333  0.956522  0.000000  0.774194       0.25
367  0.200084  0.167728  0.242972  0.199341  0.004684     0.333333  0.913043  0.508475  0.774194       0.25
368  0.198828  0.178698  0.240462  0.196870  0.007105     0.333333  0.913043  0.000000  0.774194       0.25
369  0.179573  0.162067  0.219880  0.195634  0.003571     0.333333  0.869565  0.508475  0.774194       0.25
370  0.028882  0.015216  0.042169  0.028418  0.000000     0.666667  0.000000  0.084746  0.064516       0.00
371  0.028882  0.015216  0.038655  0.028418  0.000145     0.666667  0.000000  0.000000  0.064516       0.00
372  0.043114  0.030432  0.048193  0.033361  0.002941     0.333333  1.000000  0.932203  1.000000       0.00
373  0.050230  0.034678  0.059237  0.042422  0.001331     0.333333  1.000000  0.847458  1.000000       0.00
374  0.056928  0.039986  0.063253  0.049423  0.001888     0.333333  1.000000  0.762712  1.000000       0.00
375  0.057346  0.041401  0.072289  0.056425  0.000871     0.333333  1.000000  0.677966  1.000000       0.00
376  0.060276  0.043878  0.070281  0.056425  0.000702     0.333333  1.000000  0.593220  1.000000       0.00
377  0.059021  0.044586  0.078313  0.059308  0.000533     0.333333  1.000000  0.508475  1.000000       0.00
378  0.056509  0.040694  0.075301  0.058072  0.000714     0.333333  1.000000  0.423729  1.000000       0.00
379  0.064044  0.044940  0.073293  0.055601  0.000363     0.333333  1.000000  0.338983  1.000000       0.00
380  0.062788  0.046355  0.082831  0.063015  0.000351     0.333333  1.000000  0.254237  1.000000       0.00
381  0.062788  0.043878  0.080321  0.061779  0.000327     0.333333  1.000000  0.169492  1.000000       0.00
382  0.062369  0.045294  0.080823  0.061779  0.000605     0.333333  1.000000  0.084746  1.000000       0.00
383  0.058602  0.048832  0.077811  0.061367  0.001029     0.333333  1.000000  0.000000  1.000000       0.00
384  0.060276  0.043524  0.069779  0.057661  0.001235     0.333333  0.956522  0.932203  1.000000       0.00
385  0.067392  0.048125  0.079819  0.059308  0.001428     0.333333  0.956522  0.847458  1.000000       0.00
386  0.065299  0.048125  0.082329  0.066310  0.000690     0.333333  0.956522  0.762712  1.000000       0.00
387  0.062369  0.047063  0.077811  0.064250  0.000993     0.333333  0.956522  0.677966  1.000000       0.00
388  0.064881  0.048125  0.079819  0.060956  0.001489     0.333333  0.956522  0.593220  1.000000       0.00
389  0.069904  0.050248  0.084337  0.063839  0.001101     0.333333  0.956522  0.508475  1.000000       0.00
390  0.073252  0.056971  0.091365  0.068781  0.001041     0.333333  0.956522  0.423729  1.000000       0.00
391  0.063206  0.053079  0.083333  0.072076  0.000993     0.333333  0.956522  0.338983  1.000000       0.00
392  0.053997  0.044940  0.072289  0.062191  0.000920     0.333333  0.956522  0.254237  1.000000       0.00
393  0.063206  0.044940  0.070783  0.053130  0.001356     0.333333  0.956522  0.169492  1.000000       0.00
394  0.043951  0.046001  0.059237  0.062191  0.001707     0.333333  0.956522  0.084746  1.000000       0.00
395  0.043114  0.032555  0.057731  0.043245  0.001331     0.333333  0.956522  0.000000  1.000000       0.00
396  0.048137  0.031847  0.054719  0.042010  0.001912     0.333333  0.913043  0.932203  1.000000       0.00
397  0.041021  0.035032  0.054719  0.047364  0.000993     0.333333  0.913043  0.847458  1.000000       0.00
398  0.047719  0.032555  0.054719  0.040362  0.001574     0.333333  0.913043  0.762712  1.000000       0.00
399  0.043533  0.031493  0.055723  0.046952  0.001513     0.333333  0.913043  0.677966  1.000000       0.00
400  0.047300  0.034678  0.058735  0.042834  0.001828     0.333333  0.913043  0.593220  1.000000       0.00
401  0.060695  0.042109  0.061747  0.046540  0.002506     0.333333  0.913043  0.508475  1.000000       0.00
402  0.059021  0.043171  0.075301  0.059720  0.001210     0.333333  0.913043  0.423729  1.000000       0.00
403  0.061951  0.044586  0.073293  0.058484  0.001646     0.333333  0.913043  0.338983  1.000000       0.00
404  0.073252  0.061925  0.081827  0.060956  0.002154     0.333333  0.913043  0.254237  1.000000       0.00
405  0.051905  0.054494  0.069779  0.072076  0.002179     0.333333  0.913043  0.169492  1.000000       0.00
406  0.037254  0.039278  0.051707  0.051071  0.002324     0.333333  0.913043  0.084746  1.000000       0.00
407  0.035161  0.024416  0.042671  0.036656  0.002288     0.333333  0.913043  0.000000  1.000000       0.00
408  0.042696  0.030786  0.048695  0.034596  0.002663     0.333333  0.869565  0.932203  1.000000       0.00
409  0.045207  0.031847  0.055723  0.042010  0.002614     0.333333  0.869565  0.847458  1.000000       0.00
410  0.051067  0.033970  0.057229  0.044481  0.001561     0.333333  0.869565  0.762712  1.000000       0.00
411  0.035580  0.034324  0.049699  0.050247  0.002384     0.333333  0.869565  0.677966  1.000000       0.00
412  0.033487  0.025124  0.047189  0.035008  0.002409     0.333333  0.869565  0.593220  1.000000       0.00
413  0.035161  0.026539  0.041667  0.032949  0.002518     0.333333  0.869565  0.508475  1.000000       0.00
414  0.031812  0.021231  0.036145  0.034596  0.002493     0.333333  0.869565  0.423729  1.000000       0.00
415  0.017162  0.019816  0.024598  0.030890  0.002602     0.333333  0.869565  0.338983  1.000000       0.00
416  0.008372  0.007077  0.015060  0.016886  0.001949     0.333333  0.869565  0.254237  1.000000       0.00
417  0.017999  0.006016  0.012048  0.008237  0.002421     0.333333  0.869565  0.169492  1.000000       0.00
418  0.022185  0.013093  0.026104  0.017710  0.003462     0.333333  0.869565  0.084746  1.000000       0.00
419  0.016743  0.009908  0.015060  0.021829  0.005374     0.333333  0.869565  0.000000  1.000000       0.00
420  0.028045  0.023355  0.023092  0.019357  0.005362     0.333333  0.826087  0.932203  1.000000       0.00
421  0.000000  0.014508  0.006526  0.027595  0.002566     0.333333  0.826087  0.847458  1.000000       0.00
422  0.010465  0.000000  0.006526  0.000000  0.002820     0.333333  0.826087  0.762712  1.000000       0.00
423  0.005023  0.015216  0.005522  0.010297  0.003994     0.333333  0.826087  0.677966  1.000000       0.00
424  0.007116  0.000708  0.010542  0.005766  0.004248     0.333333  0.826087  0.593220  1.000000       0.00
425  0.011720  0.004600  0.011044  0.007002  0.003958     0.333333  0.826087  0.508475  1.000000       0.00
426  0.028882  0.018047  0.021084  0.011532  0.003147     0.333333  0.826087  0.423729  1.000000       0.00
427  0.039766  0.027955  0.039157  0.028418  0.003014     0.333333  0.826087  0.338983  1.000000       0.00
428  0.037673  0.026893  0.035141  0.039127  0.002384     0.333333  0.826087  0.254237  1.000000       0.00
429  0.039766  0.024770  0.038153  0.037068  0.002711     0.333333  0.826087  0.169492  1.000000       0.00
430  0.031394  0.025832  0.040161  0.039127  0.002421     0.333333  0.826087  0.084746  1.000000       0.00
431  0.024278  0.017339  0.025100  0.030890  0.002917     0.333333  0.826087  0.000000  1.000000       0.00
432  0.017999  0.016277  0.023594  0.023888  0.002748     0.333333  0.782609  0.932203  1.000000       0.00
433  0.026789  0.020170  0.022088  0.017710  0.002965     0.333333  0.782609  0.847458  1.000000       0.00
434  0.014232  0.014154  0.023594  0.026359  0.003244     0.333333  0.782609  0.762712  1.000000       0.00
435  0.029720  0.017693  0.023092  0.014003  0.003534     0.333333  0.782609  0.677966  1.000000       0.00
436  0.050230  0.034678  0.035141  0.029242  0.003171     0.333333  0.782609  0.593220  1.000000       0.00
437  0.033487  0.038570  0.039157  0.049423  0.002869     0.333333  0.782609  0.508475  1.000000       0.00
438  0.037673  0.024416  0.036145  0.032949  0.003074     0.333333  0.782609  0.423729  1.000000       0.00
439  0.035998  0.024770  0.035643  0.037068  0.003498     0.333333  0.782609  0.338983  1.000000       0.00
440  0.028464  0.030078  0.029116  0.035420  0.003849     0.333333  0.782609  0.254237  1.000000       0.00
441  0.029720  0.018401  0.031627  0.028007  0.004333     0.333333  0.782609  0.169492  1.000000       0.00
442  0.038510  0.033616  0.019076  0.029242  0.006342     0.333333  0.782609  0.084746  1.000000       0.00
443  0.042696  0.050248  0.052711  0.037891  0.007650     0.333333  0.782609  0.000000  1.000000       0.00
444  0.038091  0.038217  0.048193  0.042010  0.007868     0.333333  0.739130  0.932203  1.000000       0.00
445  0.070741  0.057679  0.053213  0.037479  0.007262     0.333333  0.739130  0.847458  1.000000       0.00
446  0.083717  0.068294  0.088353  0.069605  0.005519     0.333333  0.739130  0.762712  1.000000       0.00
447  0.113437  0.102972  0.105924  0.082372  0.005640     0.333333  0.739130  0.677966  1.000000       0.00
448  0.095437  0.087403  0.105422  0.111614  0.004781     0.333333  0.739130  0.593220  1.000000       0.00
449  0.128506  0.103326  0.118976  0.093904  0.004696     0.333333  0.739130  0.508475  1.000000       0.00
450  0.143575  0.113942  0.152610  0.126442  0.005350     0.333333  0.739130  0.423729  1.000000       0.00
451  0.157388  0.124204  0.174197  0.141269  0.004660     0.333333  0.739130  0.338983  1.000000       0.00
452  0.170783  0.140481  0.194277  0.154860  0.004866     0.333333  0.739130  0.254237  1.000000       0.00
453  0.156132  0.148974  0.192771  0.168040  0.005689     0.333333  0.739130  0.169492  1.000000       0.00
454  0.137715  0.123142  0.159137  0.154036  0.004624     0.333333  0.739130  0.084746  1.000000       0.00
455  0.131017  0.108280  0.136044  0.136326  0.005846     0.333333  0.739130  0.000000  1.000000       0.00
456  0.134366  0.117834  0.161145  0.128913  0.005604     0.333333  0.695652  0.932203  1.000000       0.00
457  0.127250  0.113588  0.160141  0.132208  0.004248     0.333333  0.695652  0.847458  1.000000       0.00
458  0.144830  0.117127  0.159137  0.125206  0.003801     0.333333  0.695652  0.762712  1.000000       0.00
459  0.154877  0.123496  0.164659  0.142504  0.004091     0.333333  0.695652  0.677966  1.000000       0.00
460  0.151946  0.136943  0.187751  0.152389  0.004721     0.333333  0.695652  0.593220  1.000000       0.00
461  0.151946  0.121019  0.160643  0.149506  0.005265     0.333333  0.695652  0.508475  1.000000       0.00
462  0.157807  0.129512  0.180723  0.149506  0.002614     0.333333  0.695652  0.423729  1.000000       0.00
463  0.173294  0.139774  0.196787  0.155684  0.003111     0.333333  0.695652  0.338983  1.000000       0.00
464  0.182085  0.148266  0.207831  0.170511  0.003401     0.333333  0.695652  0.254237  1.000000       0.00
465  0.155714  0.146851  0.175201  0.179160  0.004975     0.333333  0.695652  0.169492  1.000000       0.00
466  0.169108  0.139066  0.193775  0.153213  0.004043     0.333333  0.695652  0.084746  1.000000       0.00
467  0.203014  0.166667  0.209337  0.166392  0.003280     0.333333  0.695652  0.000000  1.000000       0.00
468  0.189201  0.163482  0.232430  0.199341  0.002893     0.333333  0.652174  0.932203  1.000000       0.00
469  0.191712  0.156051  0.225402  0.186161  0.003680     0.333333  0.652174  0.847458  1.000000       0.00
470  0.202595  0.162420  0.231426  0.188633  0.003813     0.333333  0.652174  0.762712  1.000000       0.00
471  0.208037  0.174452  0.249498  0.199341  0.002445     0.333333  0.652174  0.677966  1.000000       0.00
472  0.210130  0.177282  0.255020  0.204695  0.002142     0.333333  0.652174  0.593220  1.000000       0.00
473  0.192968  0.176929  0.236948  0.206755  0.003571     0.333333  0.652174  0.508475  1.000000       0.00
474  0.183340  0.161359  0.221386  0.189868  0.002869     0.333333  0.652174  0.423729  1.000000       0.00
475  0.170783  0.146143  0.203313  0.180395  0.003074     0.333333  0.652174  0.338983  1.000000       0.00
476  0.189619  0.157113  0.212349  0.168040  0.002869     0.333333  0.652174  0.254237  1.000000       0.00
477  0.186270  0.161005  0.221888  0.186161  0.003353     0.333333  0.652174  0.169492  1.000000       0.00
478  0.211804  0.169851  0.215361  0.183278  0.003849     0.333333  0.652174  0.084746  1.000000       0.00
479  0.202177  0.175513  0.245984  0.209226  0.003680     0.333333  0.652174  0.000000  1.000000       0.00
480  0.224362  0.181529  0.241968  0.198517  0.004914     0.333333  0.608696  0.932203  1.000000       0.00
481  0.238594  0.192852  0.276606  0.220758  0.002784     0.333333  0.608696  0.847458  1.000000       0.00
482  0.245710  0.207360  0.292169  0.234761  0.002820     0.333333  0.608696  0.762712  1.000000       0.00
483  0.241105  0.200283  0.287149  0.241763  0.002179     0.333333  0.608696  0.677966  1.000000       0.00
484  0.240268  0.197098  0.291165  0.237232  0.001791     0.333333  0.608696  0.593220  1.000000       0.00
485  0.245291  0.200283  0.282631  0.236409  0.002566     0.333333  0.608696  0.508475  1.000000       0.00
486  0.269987  0.220807  0.301205  0.241351  0.002360     0.333333  0.608696  0.423729  1.000000       0.00
487  0.271243  0.227176  0.328313  0.265651  0.002263     0.333333  0.608696  0.338983  1.000000       0.00
488  0.273755  0.229299  0.327811  0.266886  0.001985     0.333333  0.608696  0.254237  1.000000       0.00
489  0.265802  0.223638  0.318273  0.269357  0.002312     0.333333  0.608696  0.169492  1.000000       0.00
490  0.275848  0.226469  0.320281  0.261532  0.002179     0.333333  0.608696  0.084746  1.000000       0.00
491  0.275429  0.238146  0.337851  0.271829  0.002481     0.333333  0.608696  0.000000  1.000000       0.00
492  0.259523  0.225761  0.318775  0.271005  0.002300     0.333333  0.565217  0.932203  1.000000       0.00
493  0.269150  0.221868  0.311747  0.255354  0.002263     0.333333  0.565217  0.847458  1.000000       0.00
494  0.269569  0.227530  0.326305  0.264827  0.001501     0.333333  0.565217  0.762712  1.000000       0.00
495  0.272918  0.227176  0.329819  0.265239  0.001961     0.333333  0.565217  0.677966  1.000000       0.00
496  0.272918  0.226469  0.328815  0.268534  0.002046     0.333333  0.565217  0.593220  1.000000       0.00
497  0.290080  0.238854  0.333333  0.268534  0.002142     0.333333  0.565217  0.508475  1.000000       0.00
498  0.294684  0.245223  0.354418  0.285420  0.002118     0.333333  0.565217  0.423729  1.000000       0.00
499  0.298451  0.253008  0.358434  0.289951  0.001888     0.333333  0.565217  0.338983  1.000000       0.00
500  0.308497  0.255485  0.365462  0.293657  0.001549     0.333333  0.565217  0.254237  1.000000       0.00
501  0.308079  0.252654  0.368474  0.303542  0.002070     0.333333  0.565217  0.169492  1.000000       0.00
502  0.294684  0.253362  0.358434  0.303130  0.002046     0.333333  0.565217  0.084746  1.000000       0.00
503  0.285894  0.243100  0.349398  0.289951  0.001925     0.333333  0.565217  0.000000  1.000000       0.00
504  0.296777  0.250531  0.348896  0.281301  0.002481     0.333333  0.521739  0.932203  1.000000       0.00
505  0.288405  0.257962  0.353414  0.292010  0.003086     0.333333  0.521739  0.847458  1.000000       0.00
506  0.270825  0.234961  0.330321  0.283773  0.002627     0.333333  0.521739  0.762712  1.000000       0.00
507  0.276685  0.227176  0.329317  0.266474  0.002179     0.333333  0.521739  0.677966  1.000000       0.00
508  0.277103  0.229653  0.327309  0.272241  0.002094     0.333333  0.521739  0.593220  1.000000       0.00
509  0.275848  0.230715  0.325803  0.272652  0.003220     0.333333  0.521739  0.508475  1.000000       0.00
510  0.264127  0.223992  0.323795  0.271417  0.002263     0.333333  0.521739  0.423729  1.000000       0.00
511  0.267057  0.223638  0.321285  0.259885  0.002397     0.333333  0.521739  0.338983  1.000000       0.00
512  0.285894  0.232484  0.325803  0.262768  0.002542     0.333333  0.521739  0.254237  1.000000       0.00
513  0.273755  0.232484  0.318775  0.281301  0.003559     0.333333  0.521739  0.169492  1.000000       0.00
514  0.277103  0.232838  0.311747  0.269357  0.003801     0.333333  0.521739  0.084746  1.000000       0.00
515  0.309753  0.254069  0.338353  0.272652  0.004890     0.333333  0.521739  0.000000  1.000000       0.00
516  0.317288  0.270347  0.378012  0.304778  0.004261     0.333333  0.478261  0.932203  1.000000       0.00
517  0.327334  0.273531  0.385040  0.312191  0.002651     0.333333  0.478261  0.847458  1.000000       0.00
518  0.316869  0.271054  0.383534  0.322076  0.002481     0.333333  0.478261  0.762712  1.000000       0.00
519  0.311427  0.271054  0.380522  0.311779  0.003050     0.333333  0.478261  0.677966  1.000000       0.00
520  0.308916  0.255485  0.364960  0.306425  0.002409     0.333333  0.478261  0.593220  1.000000       0.00
521  0.289661  0.253362  0.351908  0.303954  0.002639     0.333333  0.478261  0.508475  1.000000       0.00
522  0.290498  0.237084  0.349398  0.285008  0.002179     0.333333  0.478261  0.423729  1.000000       0.00
523  0.294684  0.243100  0.349398  0.285832  0.001803     0.333333  0.478261  0.338983  1.000000       0.00
524  0.295521  0.243100  0.351908  0.289951  0.002324     0.333333  0.478261  0.254237  1.000000       0.00
525  0.287568  0.249823  0.351406  0.290774  0.002687     0.333333  0.478261  0.169492  1.000000       0.00
526  0.295521  0.244869  0.344378  0.282949  0.002869     0.333333  0.478261  0.084746  1.000000       0.00
527  0.308916  0.253008  0.361948  0.290774  0.002300     0.333333  0.478261  0.000000  1.000000       0.00
528  0.283801  0.257962  0.347892  0.303542  0.002965     0.333333  0.434783  0.932203  1.000000       0.00
529  0.272080  0.236023  0.330823  0.279242  0.002021     0.333333  0.434783  0.847458  1.000000       0.00
530  0.274173  0.223638  0.322289  0.267710  0.002203     0.333333  0.434783  0.762712  1.000000       0.00
531  0.290080  0.236377  0.333835  0.269769  0.002578     0.333333  0.434783  0.677966  1.000000       0.00
532  0.277103  0.236023  0.338353  0.285420  0.002735     0.333333  0.434783  0.593220  1.000000       0.00
533  0.261616  0.227176  0.321285  0.272652  0.003256     0.333333  0.434783  0.508475  1.000000       0.00
534  0.279196  0.228592  0.314759  0.257414  0.002518     0.333333  0.434783  0.423729  1.000000       0.00
535  0.273755  0.226822  0.325803  0.274712  0.002857     0.333333  0.434783  0.338983  1.000000       0.00
536  0.277103  0.229653  0.323293  0.269357  0.002457     0.333333  0.434783  0.254237  1.000000       0.00
537  0.291754  0.237438  0.337349  0.272652  0.001985     0.333333  0.434783  0.169492  1.000000       0.00
538  0.286312  0.239207  0.345382  0.287068  0.002118     0.333333  0.434783  0.084746  1.000000       0.00
539  0.281708  0.234253  0.337851  0.282125  0.002614     0.333333  0.434783  0.000000  1.000000       0.00
540  0.280033  0.230007  0.333835  0.277183  0.002348     0.333333  0.391304  0.932203  1.000000       0.00
541  0.278359  0.228946  0.334839  0.275535  0.002046     0.333333  0.391304  0.847458  1.000000       0.00
542  0.276685  0.233192  0.339357  0.273888  0.002239     0.333333  0.391304  0.762712  1.000000       0.00
543  0.265383  0.225407  0.321787  0.272241  0.001864     0.333333  0.391304  0.677966  1.000000       0.00
544  0.271243  0.222222  0.324297  0.260297  0.001465     0.333333  0.391304  0.593220  1.000000       0.00
545  0.264546  0.220807  0.318775  0.266886  0.002336     0.333333  0.391304  0.508475  1.000000       0.00
546  0.257848  0.218330  0.313253  0.260297  0.001949     0.333333  0.391304  0.423729  1.000000       0.00
547  0.252825  0.210191  0.304719  0.253707  0.001949     0.333333  0.391304  0.338983  1.000000       0.00
548  0.246965  0.205237  0.301205  0.248764  0.001888     0.333333  0.391304  0.254237  1.000000       0.00
549  0.252825  0.205591  0.301205  0.242998  0.001404     0.333333  0.391304  0.169492  1.000000       0.00
550  0.252825  0.205591  0.299197  0.248764  0.001283     0.333333  0.391304  0.084746  1.000000       0.00
551  0.247802  0.204883  0.297691  0.248764  0.001840     0.333333  0.391304  0.000000  1.000000       0.00
552  0.254500  0.208068  0.304719  0.243822  0.001634     0.333333  0.347826  0.932203  1.000000       0.00
553  0.244454  0.205945  0.300703  0.250412  0.001380     0.333333  0.347826  0.847458  1.000000       0.00
554  0.237756  0.197452  0.287651  0.240527  0.001356     0.333333  0.347826  0.762712  1.000000       0.00
555  0.234826  0.193914  0.288655  0.233937  0.001017     0.333333  0.347826  0.677966  1.000000       0.00
556  0.234408  0.190729  0.284137  0.232290  0.000932     0.333333  0.347826  0.593220  1.000000       0.00
557  0.237756  0.192852  0.285141  0.230643  0.001295     0.333333  0.347826  0.508475  1.000000       0.00
558  0.243617  0.196745  0.292671  0.233937  0.000908     0.333333  0.347826  0.423729  1.000000       0.00
559  0.242361  0.198868  0.297691  0.239703  0.000799     0.333333  0.347826  0.338983  1.000000       0.00
560  0.244454  0.198514  0.294177  0.238468  0.000714     0.333333  0.347826  0.254237  1.000000       0.00
561  0.251570  0.204883  0.298193  0.240527  0.000980     0.333333  0.347826  0.169492  1.000000       0.00
562  0.253663  0.205237  0.306225  0.247529  0.001198     0.333333  0.347826  0.084746  1.000000       0.00
563  0.248221  0.205591  0.305221  0.249588  0.001041     0.333333  0.347826  0.000000  1.000000       0.00
564  0.253244  0.204883  0.297691  0.244234  0.001670     0.333333  0.304348  0.932203  1.000000       0.00
565  0.254918  0.206299  0.307731  0.249176  0.001247     0.333333  0.304348  0.847458  1.000000       0.00
566  0.257430  0.208422  0.312751  0.250824  0.000714     0.333333  0.304348  0.762712  1.000000       0.00
567  0.261197  0.212314  0.315261  0.253295  0.000944     0.333333  0.304348  0.677966  1.000000       0.00
568  0.264127  0.214084  0.318775  0.257002  0.000714     0.333333  0.304348  0.593220  1.000000       0.00
569  0.259523  0.214084  0.316767  0.259885  0.000968     0.333333  0.304348  0.508475  1.000000       0.00
570  0.261616  0.211960  0.317269  0.255354  0.000327     0.333333  0.304348  0.423729  1.000000       0.00
571  0.257848  0.212314  0.316767  0.257414  0.000811     0.333333  0.304348  0.338983  1.000000       0.00
572  0.259104  0.212314  0.316767  0.253707  0.000629     0.333333  0.304348  0.254237  1.000000       0.00
573  0.259523  0.211607  0.318273  0.254942  0.000642     0.333333  0.304348  0.169492  1.000000       0.00
574  0.251570  0.210899  0.308735  0.255354  0.000460     0.333333  0.304348  0.084746  1.000000       0.00
575  0.249895  0.203822  0.306225  0.247529  0.000654     0.333333  0.304348  0.000000  1.000000       0.00
576  0.260779  0.211253  0.306225  0.245881  0.001017     0.333333  0.260870  0.932203  1.000000       0.00
577  0.258267  0.212668  0.316265  0.256590  0.000847     0.333333  0.260870  0.847458  1.000000       0.00
578  0.259523  0.210545  0.313253  0.254119  0.000993     0.333333  0.260870  0.762712  1.000000       0.00
579  0.258267  0.214084  0.317269  0.255354  0.000823     0.333333  0.260870  0.677966  1.000000       0.00
580  0.253244  0.212314  0.311245  0.254119  0.000763     0.333333  0.260870  0.593220  1.000000       0.00
581  0.254081  0.205591  0.304719  0.249176  0.000859     0.333333  0.260870  0.508475  1.000000       0.00
582  0.259941  0.211607  0.311747  0.249588  0.000702     0.333333  0.260870  0.423729  1.000000       0.00
583  0.261197  0.214084  0.318775  0.255766  0.000799     0.333333  0.260870  0.338983  1.000000       0.00
584  0.263709  0.214437  0.320783  0.257002  0.000533     0.333333  0.260870  0.254237  1.000000       0.00
585  0.260360  0.214084  0.318775  0.259473  0.000702     0.333333  0.260870  0.169492  1.000000       0.00
586  0.264127  0.215499  0.318775  0.256178  0.000642     0.333333  0.260870  0.084746  1.000000       0.00
587  0.267895  0.219391  0.323293  0.259885  0.000775     0.333333  0.260870  0.000000  1.000000       0.00
588  0.262871  0.219745  0.322791  0.263591  0.001186     0.333333  0.217391  0.932203  1.000000       0.00
589  0.267895  0.217268  0.322289  0.258237  0.000714     0.333333  0.217391  0.847458  1.000000       0.00
590  0.270825  0.221515  0.326807  0.263591  0.000750     0.333333  0.217391  0.762712  1.000000       0.00
591  0.272918  0.222930  0.330823  0.266474  0.000932     0.333333  0.217391  0.677966  1.000000       0.00
592  0.274173  0.222930  0.331325  0.268534  0.001126     0.333333  0.217391  0.593220  1.000000       0.00
593  0.277522  0.225761  0.336345  0.269769  0.000702     0.333333  0.217391  0.508475  1.000000       0.00
594  0.278778  0.227884  0.338353  0.273064  0.000835     0.333333  0.217391  0.423729  1.000000       0.00
595  0.276685  0.226822  0.338353  0.274300  0.001065     0.333333  0.217391  0.338983  1.000000       0.00
596  0.274173  0.227530  0.334839  0.272241  0.001816     0.333333  0.217391  0.254237  1.000000       0.00
597  0.272918  0.224345  0.334839  0.269769  0.001247     0.333333  0.217391  0.169492  1.000000       0.00
598  0.278359  0.227884  0.332831  0.268534  0.001477     0.333333  0.217391  0.084746  1.000000       0.00
599  0.284638  0.233900  0.341365  0.273888  0.000956     0.333333  0.217391  0.000000  1.000000       0.00
600  0.275429  0.233192  0.333835  0.280066  0.001150     0.333333  0.173913  0.932203  1.000000       0.00
601  0.270825  0.223992  0.331827  0.271005  0.000835     0.333333  0.173913  0.847458  1.000000       0.00
602  0.272080  0.224345  0.328313  0.266474  0.001247     0.333333  0.173913  0.762712  1.000000       0.00
603  0.274592  0.223284  0.331325  0.267710  0.001259     0.333333  0.173913  0.677966  1.000000       0.00
604  0.280871  0.228238  0.336847  0.270181  0.001114     0.333333  0.173913  0.593220  1.000000       0.00
605  0.270825  0.228946  0.332329  0.276359  0.001356     0.333333  0.173913  0.508475  1.000000       0.00
606  0.266220  0.221161  0.326807  0.266474  0.001114     0.333333  0.173913  0.423729  1.000000       0.00
607  0.267476  0.225053  0.325301  0.261944  0.001477     0.333333  0.173913  0.338983  1.000000       0.00
608  0.275010  0.226115  0.328313  0.263180  0.001489     0.333333  0.173913  0.254237  1.000000       0.00
609  0.273336  0.223284  0.331325  0.270593  0.001719     0.333333  0.173913  0.169492  1.000000       0.00
610  0.293428  0.239561  0.334839  0.268946  0.001670     0.333333  0.173913  0.084746  1.000000       0.00
611  0.282126  0.238854  0.341867  0.288715  0.001549     0.333333  0.173913  0.000000  1.000000       0.00
612  0.278778  0.232838  0.336345  0.277595  0.001973     0.333333  0.130435  0.932203  1.000000       0.00
613  0.287149  0.234253  0.333333  0.274300  0.002360     0.333333  0.130435  0.847458  1.000000       0.00
614  0.280033  0.233546  0.337851  0.282125  0.002046     0.333333  0.130435  0.762712  1.000000       0.00
615  0.266639  0.228238  0.326305  0.275535  0.002118     0.333333  0.130435  0.677966  1.000000       0.00
616  0.276266  0.224345  0.321285  0.261944  0.002336     0.333333  0.130435  0.593220  1.000000       0.00
617  0.276266  0.232484  0.335341  0.271829  0.002481     0.333333  0.130435  0.508475  1.000000       0.00
618  0.269569  0.227884  0.328313  0.271829  0.001465     0.333333  0.130435  0.423729  1.000000       0.00
619  0.264964  0.219391  0.324799  0.265239  0.000678     0.333333  0.130435  0.338983  1.000000       0.00
620  0.260779  0.217622  0.320281  0.260708  0.001380     0.333333  0.130435  0.254237  1.000000       0.00
621  0.254081  0.211960  0.312249  0.256590  0.001283     0.333333  0.130435  0.169492  1.000000       0.00
622  0.242361  0.205945  0.297691  0.250000  0.000908     0.333333  0.130435  0.084746  1.000000       0.00
623  0.246965  0.202052  0.297189  0.238468  0.001598     0.333333  0.130435  0.000000  1.000000       0.00
624  0.240268  0.200283  0.295683  0.242998  0.001222     0.333333  0.086957  0.932203  1.000000       0.00
625  0.237338  0.194621  0.286647  0.236409  0.000775     0.333333  0.086957  0.847458  1.000000       0.00
626  0.228129  0.191791  0.279618  0.233526  0.000775     0.333333  0.086957  0.762712  1.000000       0.00
627  0.221013  0.184006  0.271084  0.224465  0.001549     0.333333  0.086957  0.677966  1.000000       0.00
628  0.224780  0.181883  0.272088  0.217463  0.000968     0.333333  0.086957  0.593220  1.000000       0.00
629  0.242779  0.196037  0.275602  0.221170  0.001707     0.333333  0.086957  0.508475  1.000000       0.00
630  0.241105  0.197098  0.296185  0.238468  0.000654     0.333333  0.086957  0.423729  1.000000       0.00
631  0.244872  0.198160  0.296185  0.237232  0.001150     0.333333  0.086957  0.338983  1.000000       0.00
632  0.246965  0.200991  0.300201  0.241351  0.000557     0.333333  0.086957  0.254237  1.000000       0.00
633  0.249058  0.201699  0.301707  0.242998  0.000593     0.333333  0.086957  0.169492  1.000000       0.00
634  0.251151  0.203822  0.305221  0.245058  0.000847     0.333333  0.086957  0.084746  1.000000       0.00
635  0.255756  0.208068  0.308233  0.247117  0.001114     0.333333  0.086957  0.000000  1.000000       0.00
636  0.251151  0.208422  0.308735  0.251647  0.000775     0.333333  0.043478  0.932203  1.000000       0.00
637  0.250314  0.204529  0.307731  0.247117  0.000448     0.333333  0.043478  0.847458  1.000000       0.00
638  0.253244  0.204883  0.306727  0.246293  0.000629     0.333333  0.043478  0.762712  1.000000       0.00
639  0.254500  0.207006  0.309739  0.249176  0.000605     0.333333  0.043478  0.677966  1.000000       0.00
640  0.252825  0.207006  0.310743  0.250412  0.000738     0.333333  0.043478  0.593220  1.000000       0.00
641  0.246128  0.205237  0.302711  0.248764  0.000775     0.333333  0.043478  0.508475  1.000000       0.00
642  0.243198  0.200283  0.297691  0.242175  0.000654     0.333333  0.043478  0.423729  1.000000       0.00
643  0.241105  0.197098  0.296687  0.239292  0.000351     0.333333  0.043478  0.338983  1.000000       0.00
644  0.236919  0.196391  0.291667  0.236820  0.000593     0.333333  0.043478  0.254237  1.000000       0.00
645  0.228548  0.191437  0.280622  0.233114  0.000629     0.333333  0.043478  0.169492  1.000000       0.00
646  0.237756  0.191791  0.280622  0.224876  0.001017     0.333333  0.043478  0.084746  1.000000       0.00
647  0.249058  0.205237  0.281627  0.233937  0.001598     0.333333  0.043478  0.000000  1.000000       0.00
648  0.251570  0.203822  0.304719  0.245058  0.000726     0.333333  0.000000  0.932203  1.000000       0.00
649  0.242779  0.203468  0.297691  0.247529  0.000775     0.333333  0.000000  0.847458  1.000000       0.00
650  0.240268  0.196745  0.295181  0.238468  0.001356     0.333333  0.000000  0.762712  1.000000       0.00
651  0.239849  0.195329  0.294679  0.236409  0.000399     0.333333  0.000000  0.677966  1.000000       0.00
652  0.239431  0.197098  0.294177  0.235997  0.000835     0.333333  0.000000  0.593220  1.000000       0.00
653  0.237338  0.193560  0.289157  0.235173  0.000363     0.333333  0.000000  0.508475  1.000000       0.00
654  0.243617  0.197098  0.284639  0.233526  0.000763     0.333333  0.000000  0.423729  1.000000       0.00
655  0.246128  0.200991  0.292671  0.240527  0.001598     0.333333  0.000000  0.338983  1.000000       0.00
656  0.245710  0.201345  0.297189  0.242586  0.001828     0.333333  0.000000  0.254237  1.000000       0.00
657  0.245291  0.199575  0.287149  0.240115  0.002300     0.333333  0.000000  0.169492  1.000000       0.00
658  0.230222  0.198868  0.268574  0.241763  0.001198     0.333333  0.000000  0.084746  1.000000       0.00
659  0.260360  0.210899  0.255522  0.228171  0.000533     0.333333  0.000000  0.000000  1.000000       0.00
660  0.251988  0.210899  0.307731  0.254530  0.001440     0.166667  1.000000  0.932203  0.967742       0.00
661  0.246965  0.204529  0.302711  0.247941  0.000593     0.166667  1.000000  0.847458  0.967742       0.00
662  0.248221  0.200637  0.300703  0.242998  0.000399     0.166667  1.000000  0.762712  0.967742       0.00
663  0.239431  0.201345  0.292671  0.244234  0.000896     0.166667  1.000000  0.677966  0.967742       0.00
664  0.234408  0.193206  0.288655  0.235585  0.000690     0.166667  1.000000  0.593220  0.967742       0.00
665  0.231478  0.189667  0.285141  0.230643  0.000726     0.166667  1.000000  0.508475  0.967742       0.00
666  0.237338  0.192144  0.284639  0.227759  0.001477     0.166667  1.000000  0.423729  0.967742       0.00
667  0.231896  0.191791  0.284137  0.233526  0.000726     0.166667  1.000000  0.338983  0.967742       0.00
668  0.234408  0.189667  0.284639  0.228171  0.000472     0.166667  1.000000  0.254237  0.967742       0.00
669  0.232733  0.190729  0.285643  0.230643  0.000738     0.166667  1.000000  0.169492  0.967742       0.00

Total number of rows in combined dataframe: 670
Rows per timeframe:
  M5: 300 bars
  M30: 200 bars
  H1: 100 bars
  H4: 50 bars
  D1: 20 bars

Support and Resistance Levels:
    level_type  price_level  strength
0            0     0.003586  0.913043
1            0     0.142068  0.434783
2            0     0.309488  0.434783
3            0     0.054719  0.391304
4            0     0.284137  0.391304
5            0     0.252761  0.260870
6            0     0.039993  0.217391
7            0     0.204317  0.217391
8            0     0.277443  0.217391
9            0     0.361780  0.217391
10           1     0.207439  1.000000
11           1     0.238323  0.521739
12           1     0.274239  0.478261
13           1     0.342887  0.391304
14           1     0.393489  0.391304
15           1     0.213612  0.217391
16           1     0.294881  0.217391
17           1     0.061925  0.173913
18           1     0.257962  0.173913
19           1     0.307502  0.173913